29422
63244
19089
4070
21428
57885
7415
49122
41527
29945
58815
58645
57824
1034
9944
55902
29280
9742
19353
29579
877
8830
27194
24967
64552
35946
14376
18311
47312
41986
37204
49490
41841
58837
29924
57929
28723
30272
40390
25648
47462
32218
21389
45778
64310
47293
55887
49169
30935
23325
7885
31090
60864
29080
10649
24275
29373
16246
18469
2031
41321
2251
10327
60928
34343
44669
49647
1605
12904
34520
29713
15354
60422
45686
17282
41525
52234
39909
27475
60153
46229
25549
11456
54843
33833
17565
59167
35965
20819
52132
23968
17044
54811
31333
49364
51733
27597
38412
40295
26991
34575
48322
29422
15007
22190
11501
7355
32116
24296
27122
50768
34141
56279
16592
13501
55347
43494
52504
18684
32397
1901
30954
50377
39990
59597
32896
15968
64345
54556
56
30608
64701
28235
17118
54446
13639
21016
59769
51121
9050
59851
42629
44513
46988
56178
61536
54022
45573
2309
4608
13905
64228
40425
62031
60212
28235
27371
24962
54806
1739
24901
38236
22859
47295
6077
6429
50574
43331
63192
63640
63877
4554
37759
32702
12473
6270
22478
62646
11102
4987
26881
11080
24667
7194
40258
26775
4511
62978
48438
32345
54015
11716
33125
18795
17696
60137
5024
22680
35671
23406
1564
45638
60486
22847
60920
49807
23698
6008
13022
64375
41106
19266
23130
44658
43166
36200
39108
62974
43711
11333
54439
65360
55165
33820
28933
50138
58694
19411
6369
59550
51728
20627
46943
27174
1087
31057
42408
24591
44560
57002
38688
9769
6405
29099
46896
52254
58382
24448
57034
49888
59144
50874
29765
20957
7092
48967
62354
43164
1709
24182
57401
9416
26022
40648
60200
9405
57920
42549
58848
968
48562
11991
1934
29606
20538
7276
30943
40611
31545
63095
52726
27507
60790
57795
23551
63350
10486
15996
22231
16909
24844
39029
37963
62475
32915
38872
17090
52636
25317
63294
61989
15119
43448
46065
62624
51849
46427
7011
25237
10648
26482
37028
20330
9844
16731
54151
60551
9571
37418
52178
14966
3045
11236
54107
22202
53448
6027
52382
40182
28313
2789
65122
29836
44372
48396
21183
22083
9381
22214
48729
239
35437
3321
59010
62980
11483
54564
42988
49195
46476
10553
38503
40035
40750
145
34526
23107
16864
47654
26988
30662
59389
24665
18619
276
58735
54062
61308
51920
23414
23189
9152
32403
55802
29223
25490
17048
57997
18982
50589
47282
59473
12663
58751
43614
32562
35153
19488
4568
17608
57480
27500
46886
43445
45317
18437
19967
11256
63776
11645
47884
5521
33834
4220
52678
16146
21398
30780
36137
16399
56681
15373
559
30552
3852
1190
55404
18287
32074
10739
62652
10390
24078
12030
20663
60807
50596
9511
41259
62105
52043
42959
796
21783
18103
53406
42765
45587
38222
33972
4900
64821
33135
14964
35556
31072
62302
59603
48212
47750
27037
10777
22426
23060
28916
55072
23678
62019
563
64433
62066
20571
4206
8923
41093
10026
58571
41258
56512
61820
37101
56537
43671
64726
42240
12248
28692
38675
1661
3721
11796
12850
51048
46985
55967
41176
61186
3532
2723
47093
29497
65115
17146
3837
4484
14088
58656
62553
7384
8918
33705
10106
49359
25881
39535
31102
9971
5129
57317
4311
36235
4348
11617
61494
57045
17835
60566
19790
3894
40283
65063
48406
18446
1167
43418
51523
11952
62557
44825
61974
58047
21970
28828
49277
18493
18513
6066
29473
63225
22951
61489
5540
36391
31278
3098
53328
63262
49315
58115
55246
20588
25320
36000
15550
14894
227
37930
39496
12583
65312
9700
13608
42586
40578
35598
62156
55442
18097
59315
56777
58214
2337
60006
60111
28374
19476
24010
56108
21408
18056
10039
28847
64778
6577
25330
28122
24953
57504
48613
56788
55834
42367
31805
58653
42759
21317
29879
30481
29545
7581
42837
4430
5115
33978
35937
25827
5231
49849
11290
14933
32220
43441
63601
343
52138
32631
3848
17238
62852
21570
23229
33193
11936
28202
14108
4282
54320
21303
1572
61936
35269
34958
14141
64003
45490
30087
48707
12655
64642
53086
61522
3368
23688
15343
17142
7756
7361
20965
61074
11608
31711
250
63418
26582
157
40954
31157
41837
47830
9713
8276
36505
63544
23288
52497
35433
15238
24950
15694
29145
54470
52380
53710
40642
38803
25299
3110
27209
21837
42222
698
23404
58209
39730
36942
23053
13491
17043
54892
64452
28
9291
21331
19030
24597
13094
10671
60899
2107
27213
48062
10032
3967
60295
43385
31994
51509
29935
62366
59983
54908
4656
10466
65464
3186
27146
22712
3568
17701
6145
9428
41689
59598
10785
55763
28962
23955
17953
29802
64615
29999
46505
62886
61182
62698
55761
19019
61516
64499
24599
18764
51892
4697
16726
14428
4908
15956
46050
48466
47716
33219
3937
56484
42181
28144
20752
27077
52021
6904
50319
15170
28463
16923
65032
15045
37147
45478
8424
36540
21707
62894
39076
14476
5434
15730
18810
34082
6841
2412
37843
5880
48615
36055
45182
30135
2581
24129
13374
23031
64413
49350
22679
6172
22124
39396
52420
60772
56956
57889
48668
43845
54298
53162
53687
34880
55327
7558
27529
18326
28030
5777
47160
37976
54749
38155
119
19712
62010
3276
15640
40103
36812
17122
15555
31490
20472
18530
56600
30254
24841
6909
29634
17877
86
23449
65146
28654
15915
29995
42400
26934
31739
25422
35373
55374
26340
52310
24410
36490
52988
3182
30995
3877
16424
2753
27614
6487
65287
40234
10272
11530
23659
61054
21327
53838
53260
54695
7263
466
6089
35965
40821
13913
38982
27445
15889
52549
22055
39908
57039
42091
16617
30817
30834
40550
57763
65166
27101
33299
17627
31577
6623
46839
40931
61171
129
46077
31530
25469
18024
43523
21780
22212
28593
29928
48952
48673
19721
11654
62381
5375
37301
43718
5325
18886
46596
49314
34886
25944
9657
22271
47732
5725
28476
22757
43285
11807
11648
42004
47346
57430
37222
17026
61675
46366
47704
24600
58021
33668
55167
16538
30128
7935
21697
26813
57883
14894
2027
50158
23241
10296
29786
43756
60226
56256
15623
49035
38882
47525
53245
56615
57066
30206
12600
15451
52482
22060
43051
2342
13447
27315
28843
19875
34027
57899
36905
20081
51817
45862
39256
29140
38691
61568
42096
1263
53466
2544
40957
48201
29492
37998
36693
35746
24786
33509
26386
23999
65269
45754
14085
